test_f1_score = 0.026272577996715927
test_loss = 12.6591
test_n_common = 8
test_n_labels = 541
test_n_preds = 68
test_precision = 0.11764705882352941
test_recall = 0.014787430683918669
test_runtime = 24.7046
test_samples_per_second = 53.107
test_steps_per_second = 1.66
