test_f1_score = 0.428246013667426
test_loss = 16.082
test_n_common = 188
test_n_labels = 541
test_n_preds = 337
test_precision = 0.5578635014836796
test_recall = 0.34750462107208874
test_runtime = 29.777
test_samples_per_second = 44.061
test_steps_per_second = 1.377
