test_f1_score = 0.517464424320828
test_loss = 14.2592
test_n_common = 400
test_n_labels = 994
test_n_preds = 552
test_precision = 0.7246376811594203
test_recall = 0.4024144869215292
test_runtime = 33.2391
test_samples_per_second = 59.207
test_steps_per_second = 1.865
