test_f1_score = 0.399724328049621
test_loss = 13.5823
test_n_common = 290
test_n_labels = 994
test_n_preds = 457
test_precision = 0.6345733041575492
test_recall = 0.2917505030181087
test_runtime = 25.6702
test_samples_per_second = 76.665
test_steps_per_second = 2.415
