test_f1_score = 0.4741721854304636
test_loss = 11.2467
test_n_common = 179
test_n_labels = 485
test_n_preds = 270
test_precision = 0.662962962962963
test_recall = 0.36907216494845363
test_runtime = 70.163
test_samples_per_second = 22.947
test_steps_per_second = 0.727
