test_f1_score = 0.46528623629719856
test_loss = 13.6381
test_n_common = 191
test_n_labels = 514
test_n_preds = 307
test_precision = 0.6221498371335505
test_recall = 0.3715953307392996
test_runtime = 24.0853
test_samples_per_second = 54.141
test_steps_per_second = 1.702
