test_f1_score = 0.2515527950310559
test_loss = 14.5848
test_n_common = 81
test_n_labels = 485
test_n_preds = 159
test_precision = 0.5094339622641509
test_recall = 0.1670103092783505
test_runtime = 25.9026
test_samples_per_second = 49.725
test_steps_per_second = 1.583
