test_f1_score = 0.4415243101182655
test_loss = 14.9624
test_n_common = 168
test_n_labels = 485
test_n_preds = 276
test_precision = 0.6086956521739131
test_recall = 0.3463917525773196
test_runtime = 21.4096
test_samples_per_second = 60.16
test_steps_per_second = 1.915
